28.87701
29.37328
29.85107
30.27911
30.63370
31.00584
31.40493
31.63319
31.78201
31.80222
31.67875
31.36542
30.96614
30.51617
30.04565
29.46801
28.99264
28.50963
27.92395
27.18742
26.75854
26.34579
26.18776
26.05979
26.08113
26.24423
26.52130
26.94944
27.37311
27.73422
28.12762
28.54163
28.90968
29.12567
29.17457
29.09525
28.78969
28.51887
28.17828
27.77279
27.23798
26.51753
25.75744
25.13518
24.67861
24.41241
24.36799
24.52031
24.90610
25.55102
26.18836
26.81401
27.43125
27.98011
28.46164
28.71151
28.78156
28.70237
28.51119
28.15667
27.60611
27.18694
26.59612
26.13964
25.96075
25.62020
25.35639
25.15732
25.03220
25.06472
24.99500
25.17389
25.39943
25.74677
26.11133
26.49939
26.90004
27.13612
27.30151
27.38215
27.54867
27.73166
27.68736
27.50480
27.42135
27.35599
27.24139
27.11068
26.96442
26.76622
26.60457
26.46035
26.31550
26.20155
26.14747
26.17620
26.26283
26.41438
26.57770
26.91973
27.23220
27.55132
27.87592
28.25664
28.58486
28.94381
29.12392
29.11445
28.93494
28.70082
28.41496
28.17112
27.85573
27.63417
27.40909
27.21383
27.07378
27.05730
26.92040
26.98452
27.34088
27.80744
28.26077
28.60071
28.99401
29.51966
29.91092
30.29664
30.62765
30.81418
30.69255
30.48874
30.15740
29.78059
29.33724
29.02555
28.45296
28.22724
28.17932
28.11671
28.04691
27.98073
27.92268
28.07352
28.21118
28.65114
29.13736
29.59262
29.99641
30.35863
30.66450
30.92647
31.06087
31.09648
30.93930
30.64396
30.21033
29.79945
29.39065
28.96704
28.58488
28.23241
27.93109
27.63784
27.42677
27.37962
27.53398
27.67849
27.94573
28.40187
28.95567
29.54633
30.13132
30.69817
31.15570
31.55538
31.80733
31.90166
31.86736
31.58265
31.10931
30.65619
30.16553
29.40978
28.99295
28.68290
28.34061
28.13212
27.92254
27.78924
27.91676
28.37883
28.97966
29.61104
30.22287
30.86918
31.47272
31.98641
32.27054
32.42823
32.44172
32.37879
32.20470
31.84768
31.44658
31.03803
30.62381
30.11820
29.57326
29.13890
28.72774
28.38647
28.12832
28.05176
28.28978
28.65888
29.26702
29.97091
30.72799
31.43548
32.14467
32.73848
33.10464
33.31453
33.42563
33.48466
33.34650
32.89247
32.37636
31.88950
31.42308
30.97980
30.55083
30.12000
29.69080
29.40642
29.18303
29.12674
29.32939
29.81967
30.43001
31.13823
31.87308
32.54164
33.11048
33.63214
33.95396
33.88506
33.50764
33.05045
32.53589
31.99518
31.42409
30.85187
30.29491
29.92466
29.57956
29.19750
28.70182
28.15287
27.68354
27.29248
27.03609
26.94334
26.93616
27.06407
27.42239
28.15569
28.92299
29.69573
30.27259
30.90596
31.31497
31.61167
31.57789
31.23479
30.72215
30.19103
29.65207
29.18362
28.83212
28.57009
28.35419
28.16249
27.95213
27.76213
27.92243
28.31970
28.87536
29.55261
30.32514
31.06025
31.66388
32.29663
32.70924
33.00332
33.17743
33.03005
32.65559
31.99123
31.23571
30.47043
29.77622
29.17673
28.67728
28.32991
28.06021
27.99266
27.92305
27.87133
28.04502
28.38695
29.00913
29.83204
30.73746
31.57838
32.32841
33.07412
33.56796
34.06609
34.29022
34.29137
33.94404
33.33001
32.66447
31.99310
31.31198
30.69031
30.09927
29.63379
29.25553
29.00063
28.72915
28.57101
28.76683
29.16932
29.78088
30.43383
31.13120
31.83149
32.48138
33.10823
33.53298
33.75187
33.79808
33.66833
33.18960
32.45280
31.62387
30.88266
30.26748
29.82380
29.54261
29.30958
29.08265
28.85757
28.57434
28.22220
27.83407
27.54999
27.42249
27.48601
27.67247
27.92034
28.21855
28.45321
28.62590
28.71688
28.76940
28.65452
28.61205
28.39927
28.15372
27.94444
27.71919
27.54356
27.39824
27.30198
27.25784
27.28074
27.30626
27.36524
27.44461
27.53009
27.75649
28.17198
28.76001
29.44482
29.93372
29.72654
29.11126
28.61147
28.23164
27.92371
27.65172
27.39969
27.05853
26.59947
26.58410
26.58224
26.61327
26.64187
26.65464
26.64215
26.56562
26.49907
26.35687
